obj    theta - obj
941309 751047
962457 729899
812020 880336
900475 791881
784865 907491
881799 810557
885297 807059
879333 813023
942624 749732
853585 838771
910499 781857
927779 764577
787455 904901
846305 846051
910863 781493
818959 873397
730122 962234
904893 787463
864474 827882
877806 814550
832734 859622
801663 890693
894502 797854
779503 912853
871651 820705
854604 837752
789283 903073
896111 796245
885983 806373
838270 854086
857457 834899
763231 929125
784265 908091
831428 860928
872713 819643
876825 815531
827500 864856
697630 994726