sum     theta - sum
1674858 17498
1611818 80538
1564890 127466
1508693 183663
1484573 207783
1457004 235352
1430993 261363
1358010 334346
1635148 57208
1599744 92612
1547590 144766
1508383 183973
1498987 193369
1475899 216457
1454407 237949
1416640 275716
1633096 59260
1572879 119477
1540300 152056
1505175 187181
1475255 217101
1457608 234748
1654830 37526
1606848 85508
1582851 109505
1550840 141516
1520621 171735
1688348 4008
1645774 46582
1616258 76098
1582371 109985
1541248 151108
1520588 171768
1661220 31136
1630351 62005
1606084 86272
1570638 121718
1197827 494529