obj    theta - obj
687025 582242
744992 524275
762046 507221
701719 567548
771177 498090
686094 583173
728075 541192
775653 493614
705716 563551
709496 559771
711930 557337
708139 561128
663347 605920
747039 522228
702409 566858
747870 521397
776652 492615
688254 581013
740398 528869
756639 512628
775253 494014
683097 586170
790689 478578
753646 515621
741932 527335
793037 476230
798648 470619
812132 457135
789344 479923
802883 466384
659474 609793
726708 542559
723283 545984
631997 637270
691383 577884
682654 586613
714617 554650
747429 521838
742034 527233
684937 584330
757492 511775
759434 509833
633616 635651
704252 565015
783449 485818
721674 547593
785467 483800
831335 437932
780323 488944
737014 532253
775084 494183