sum     theta - sum
1105044 164223
1110417 158850
1110045 159222
1117817 151450
1122421 146846
1120498 148769
1117900 151367
1122874 146393
1125983 143284
1128869 140398
1135708 133559
1147208 122059
1150353 118914
1143306 125961
1152314 116953
1162706 106561
1170647 98620
1178664 90603
1184532 84735
1189011 80256
1193996 75271
1203814 65453
1223237 46030
1228134 41133
1238611 30656
1245661 23606
1255327 13940
1262751 6516
1256305 12962
1262756 6511
1046573 222694
1054054 215213
1060923 208344
1061483 207784
1060528 208739
1062459 206808
1071063 198204
1078757 190510
1089601 179666
1092231 177036
1100889 168378
1108175 161092
1115499 153768
1142663 126604
1155280 113987
1165702 103565
1179931 89336
1182530 86737
1190886 78381
1199580 69687
1202931 66336