"Group 10" 28 30
1 0.47794091632761365
2 0.5106492745126777
3 0.5734023167652005
4 0.5344405420725685
5 0.5397439558070287
6 0.315001598697788
7 0.5580971401367811
8 0.49834516736704826
9 0.5173148394715819
10 0.4492706738684613
11 0.5564770363027555
12 0.36452092798842023
13 0.4512389882025656
14 0.46407639192279104
15 0.48717194736455194
16 0.47916254402976216
17 0.29552767960978693
18 0.3081556215413686
19 0.5878500680180332
20 0.47280071813285457
21 0.5445157892377687
22 0.5810992893923214
23 0.5290122421599865
24 0.5110511257480355
25 0.5609684069760963
26 0.47526810023892874
27 0.46670147413323854
