"Group 135" 233 233
1 0.47215048057078834
2 0.5972211637109776
3 0.4537027814072854
4 0.44358670180749293
5 0.4124560779903386
6 0.30330494433624977
7 0.47660903591375126
8 0.5317722069265324
9 0.3863044308853666
10 0.5580254758672482
11 0.47826387648187746
12 0.32930492771271186
13 0.48346012283985595
14 0.4205300455605422
15 0.4521457370828833
16 0.41460063662936975
17 0.3887000801652986
18 0.29457416655419083
19 0.47994311219040553
20 0.4433067773788151
21 0.47598556668683745
22 0.3569923012842375
23 0.466638716529711
24 0.3475067344104672
25 0.4979216582158578
26 0.7003722842696005
27 0.5646530176962641
28 0.37324349164516596
29 0.45638997953879334
30 0.416501559093794
31 0.38348196334833407
32 0.43160955302125037
33 0.4050150682600414
34 0.6199770819512141
35 0.4937108636497754
36 0.4745816212686059
37 0.4281027794854497
38 0.558195238793567
39 0.4635970176000695
40 0.35411234761303334
41 0.4302309201044613
42 0.35629097185371006
43 0.5791082652503988
44 0.6010713731450313
45 0.5884420808906322
46 0.37904298441920364
47 0.3915692020571105
48 0.45895970112497314
49 0.39208465386730923
50 0.5427671837571523
51 0.523127321744855
52 0.651367758923347
53 0.5415739123634752
54 0.5386752571139641
55 0.49922601022604673
56 0.6532296098969158
57 0.4334729940389565
58 0.4670616272998444
59 0.39116131548694366
60 0.5571902914005765
61 0.6471276828566921
62 0.4712500954174194
63 0.39818642350557243
64 0.4078598704295171
65 0.40420601939302353
66 0.5215315573379166
67 0.35125819719354145
68 0.3908597808421326
69 0.5526483472720032
70 0.399326572532714
71 0.42515513173807024
72 0.5216647015584377
73 0.5334253258753665
74 0.39269979571242214
75 0.4303507804964469
76 0.3633247517469658
77 0.44424367073111015
78 0.416877612435314
79 0.37139350489957335
80 0.5817248997151329
81 0.3581926423151511
82 0.4677826208816167
83 0.6272621512944163
84 0.42052575971748496
85 0.5676511186518663
86 0.4861080516793886
87 0.5046636341872157
88 0.5920089933069769
89 0.47783085451469065
90 0.3017568418842304
91 0.4221470041856199
92 0.46047363746692765
93 0.4486288848263254
94 0.6054434304299554
95 0.4212535940195515
96 0.4391752956708543
97 0.5431390619770102
98 0.4912032208554031
99 0.4806228263875979
100 0.3349453731140718
101 0.47276056974903913
102 0.5562027658086494
103 0.4103930052280512
104 0.5213045457208395
105 0.5618898359124507
106 0.4263955984970478
107 0.5056029103268807
108 0.4928344089824065
109 0.4571109334770109
110 0.38335694394795955
111 0.4415780818052353
112 0.35507118846905195
113 0.6126874480828924
114 0.415039860216228
115 0.5982365503115952
116 0.41719136986779226
117 0.5856508998123304
118 0.4476441613144657
119 0.4533173727220477
120 0.44886832119561226
121 0.6514532175806788
122 0.40168065799586417
123 0.5800769686204855
124 0.47809936477220144
125 0.3074568318396808
126 0.42218163886195714
127 0.6283943256068172
128 0.36763751905826353
129 0.3677750225893362
130 0.49272353537301367
131 0.49229249578864104
132 0.5599518024885654
133 0.5746932402494952
134 0.36617265623725553
135 0.3850425994189879
136 0.4823075953535838
137 0.5993393607869235
138 0.3927511143109069
139 0.5074510434677711
140 0.5026318952049033
141 0.43557421289355325
142 0.402685818876333
143 0.4513893841070622
144 0.43200287751585004
145 0.3432374688013874
146 0.42815129004288427
147 0.4013648441432267
148 0.381935242489906
149 0.565584269401253
150 0.43097213276320995
151 0.5471213153105317
152 0.42544048295672743
153 0.3337858202859871
154 0.5451054931074282
155 0.480944617398179
156 0.42565840879665107
157 0.5267704758065428
158 0.5102828295756991
159 0.5801307730080376
160 0.5949476049269241
161 0.5809330878729018
162 0.5954908671737692
163 0.552273689378066
164 0.27875830417723135
165 0.3458337163829742
166 0.563302992183856
167 0.4817713862099449
168 0.3920128449211584
169 0.31970231940491545
170 0.2775293536705805
171 0.3891340084278591
172 0.4080086654046703
173 0.3918651233357768
174 0.5449454277889056
175 0.4095473893062457
176 0.549055020739338
177 0.43960607099867527
178 0.5779027434010671
179 0.5243053813923471
180 0.4871034884689035
181 0.4246459093208381
182 0.4854659285970912
183 0.4000232705029753
184 0.4781167262954732
185 0.43904735071349255
186 0.45066391031247516
187 0.3291035638970202
188 0.3651046339036683
189 0.5825537763996196
190 0.3350293073370295
191 0.3971452237397184
192 0.5066807403344515
193 0.35329965925541934
194 0.40403790894224545
195 0.3750370765853948
196 0.5292249936964785
197 0.5318808671322591
198 0.3078470513114581
199 0.5165376037665717
200 0.5790508846016522
201 0.5273688264351539
202 0.33216924110141033
203 0.5756052235206387
204 0.46411456477109725
205 0.3711640483783267
206 0.40033379269005764
207 0.5437106688336886
208 0.32827879531642695
209 0.42888929113465796
210 0.4948700039236748
211 0.4151311077676425
212 0.46995705803737703
213 0.47093752819309914
214 0.3860693579997868
215 0.5532773967764023
216 0.534411581745179
217 0.3904275552308089
218 0.536091790056256
219 0.4740570327965331
220 0.5305648993539431
221 0.3309483030002294
222 0.4744782140587098
223 0.5584239727319477
224 0.4406475740274623
225 0.4618510031428666
226 0.5334284353272657
227 0.39858437786801776
228 0.4102179946104654
229 0.43923717429525294
230 0.3857177934394426
231 0.49500799930293515
232 0.3864849683620267