Suport  Att_ID
1	5
1	4
1	3
1	2
1	1
2	11
2	10
2	9
2	8
2	7
2	6
3	12
3	14
3	13
4	15
5	18
5	16
5	17
6	19
7	20
8	22
8	21
9	25
9	24
9	23
10	28
10	26
11	27
13	29
13	30
14	31
15	32
22	33
24	34
27	35
30	36
33	37
36	38
36	39
38	40
39	41
52	42
63	43
63	44
94	45
98	46
100	47
111	48
124	49
139	50
146	51
149	52
204	53
291	54
313	55
380	56
412	57
543	58
568	59
670	60
705	61
957	62
1120	63
1494	64
1585	65
1758	66
1787	67
1951	68
2075	69
2443	70
2888	71
3998	72
4978	73
9366	74
9801	75
11882	76
12459	77
12473	78
14533	79
18289	80
20427	81
28620	82
35697	83
40868	84
47932	85
51092	86
93728	87
96613	88
130207	89
158193	90
174536	91
193643	92
232083	93
233008	94
238943	95
239366	96
240413	97
250451	98
257596	99
257999	100
263078	101
288065	102
311569	103
329742	104
352313	105
355685	106
377039	107
378495	108
392689	109
394750	110
395129	111
474732	112
492587	113
494058	114
494239	115
496978	116
498808	117
499113	118
499275	119
499332	120
499518	121
499639	122
499696	123
499783	124
499825	125
499955	126
499984	127
500057	128
500118	129
500213	130
500249	131
500282	132
500302	133
500530	134
500732	135
500844	136
501003	137
501674	138
502605	139
503966	140
506324	141
508288	142
514551	143
514814	144
517034	145
518987	146
520264	147
524919	148
579399	149
629328	150
630732	151
630822	152
644024	153
644431	154
695583	155
696441	156
697279	157
724027	158
724309	159
753802	160
813980	161
868210	162
912262	163
929794	164
1118812	165
1355182	166
1699625	167
2570219	168
2712173	169
4112193	170
4368939	171
4433159	172
4584405	173
4654924	174
4700484	175
4749935	176
4810712	177
4956307	178
4965199	179
