"Supp of the Att" "Att ID"
1429525 262
1309694 261
1178279 260
887358 259
858146 258
793840 257
787398 256
726516 255
677779 254
677637 253
675209 252
674412 251
641971 250
634232 249
597297 248
567410 247
562869 246
552854 245
552824 244
549880 243
536002 242
532083 241
496961 240
463007 239
461332 238
448501 237
437717 236
433849 235
423089 234
422020 233
416588 232
413161 231
411337 230
404968 229
397808 228
397705 227
394664 226
392317 225
390936 224
386973 223
385455 222
374838 221
374580 220
373820 219
372938 218
372256 217
371343 216
368036 215
365841 214
365781 213
365144 212
360238 211
359357 210
359095 209
356907 208
355634 207
340331 206
340235 205
339511 204
337933 203
335025 202
329773 201
324892 200
322840 199
322618 198
322027 197
321249 196
320283 195
319819 194
316366 193
313588 192
311478 191
308967 190
307012 189
306545 188
303011 187
301848 186
301685 185
301029 184
300810 183
300604 182
300488 181
300275 180
299049 179
298571 178
297414 177
296779 176
294845 175
293556 174
293305 173
292658 172
292601 171
291616 170
289169 169
288363 168
287323 167
283004 166
282818 165
282388 164
281107 163
281074 162
275944 161
274167 160
270851 159
265637 158
265423 157
264919 156
264361 155
262529 154
260781 153
260396 152
259893 151
257722 150
257638 149
256588 148
256293 147
256038 146
256021 145
252996 144
252414 143
251320 142
250125 141
249630 140
248690 139
247238 138
246428 137
245953 136
245778 135
245204 134
244654 133
243996 132
243983 131
243731 130
242371 129
242021 128
241506 127
239288 126
239123 125
237710 124
236460 123
235503 122
235099 121
231647 120
231403 119
229812 118
229659 117
229336 116
228983 115
228925 114
228730 113
227284 112
226807 111
226593 110
226433 109
226220 108
225954 107
223560 106
222686 105
221901 104
221880 103
221635 102
221150 101
221045 100
220543 99
219569 98
218097 97
217387 96
217375 95
217069 94
216065 93
215059 92
214783 91
214305 90
213946 89
211713 88
208850 87
208826 86
208644 85
207281 84
207159 83
206938 82
206777 81
206412 80
205324 79
205029 78
204210 77
203925 76
203204 75
203145 74
202915 73
202703 72
201764 71
201061 70
200880 69
200586 68
199611 67
198987 66
198525 65
198502 64
197400 63
196505 62
196479 61
196362 60
194848 59
193437 58
193087 57
192949 56
191863 55
191841 54
191815 53
191408 52
191397 51
191198 50
190895 49
190849 48
190753 47
189464 46
189169 45
186863 44
186782 43
186561 42
184566 41
184481 40
184147 39
184113 38
183811 37
183745 36
183014 35
182389 34
182171 33
181597 32
181547 31
181195 30
180830 29
180614 28
180038 27
179970 26
179470 25
179303 24
178890 23
178861 22
178476 21
178240 20
177894 19
177816 18
177134 17
176869 16
176839 15
176249 14
174699 13
174097 12
173513 11
173105 10
172742 9
172525 8
172246 7
172015 6
171611 5
171121 4
170669 3
170575 2
169590 1
