obj    theta - obj
658788 187253
667095 178946
622815 223226
667724 178317
595109 250932
585597 260444
646461 199580
597893 248148
590692 255349
544568 301473
615333 230708
582809 263232
586860 259181
617351 228690
601617 244424
527871 318170
592930 253111
506089 339952
553844 292197
518793 327248
530267 315774
549432 296609
533561 312480
530284 315757
510658 335383
520901 325140
486583 359458
482039 364002
483269 362772
503600 342441
492061 353980
514290 331751
510271 335770
494055 351986
486250 359791
634357 211684
516255 329786
598461 247580
586263 259778
610920 235121
567662 278379
593382 252659
604787 241254
542879 303162
567475 278566
536566 309475
557590 288451
555749 290292
563420 282621
541648 304393
492975 353066
521950 324091
554730 291311
521053 324988
500798 345243
514027 332014
516963 329078
501647 344394
501047 344994
525822 320219
589554 256487
546328 299713
605414 240627
593183 252858
542031 304010
577388 268653
566704 279337
546783 299258
530153 315888
496836 349205
548465 297576
507912 338129
540235 305806
481859 364182
574028 272013
508786 337255
508822 337219
539389 306652
547755 298286
521382 324659
527512 318529
473591 372450
169590 676451