sum     theta - sum
845109 932
829749 16292
816305 29736
795513 50528
786981 59060
777909 68132
760293 85748
748400 97641
745194 100847
739379 106662
731622 114419
725382 120659
718452 127589
712541 133500
680566 165475
677444 168597
664798 181243
647732 198309
644645 201396
641532 204509
636185 209856
625066 220975
615979 230062
609556 236485
603533 242508
601839 244202
601092 244949
599324 246717
595985 250056
591624 254417
586861 259180
585259 260782
580785 265256
575686 270355
565822 280219
844569 1472
820962 25079
795979 50062
787671 58370
778011 68030
770519 75522
765055 80986
753859 92182
745558 100483
738159 107882
733854 112187
730085 115956
722815 123226
713293 132748
702249 143792
690874 155167
687244 158797
682821 163220
679246 166795
672200 173841
665416 180625
662738 183303
655053 190988
650509 195532
644147 201894
843335 2706
830022 16019
823542 22499
814484 31557
808443 37598
800064 45977
790932 55109
781126 64915
769740 76301
765818 80223
761961 84080
749375 96666
737307 108734
732959 113082
726510 119531
721452 124589
716524 129517
712426 133615
707091 138950
695414 150627
689528 156513
683976 162065
169590 676451