[164, 5, 4, 3, 2, 1, 11, 10, 9, 8, 7, 6, 12, 14, 13, 15, 18, 16, 17, 19, 20, 22, 21, 25, 24, 23, 28, 26, 27, 29, 30, 31, 32, 33, 34, 35, 36, 37, 38, 39, 40, 41, 42, 43, 44, 45, 46, 47, 48, 49, 50, 51, 52, 53, 54, 55, 56, 57, 58, 59, 60, 61, 62, 63, 64, 65, 66, 67, 68, 69, 70, 71, 72, 73, 74, 75, 76, 77, 78, 79, 80, 81, 82, 83, 84, 85, 86, 87, 88, 89, 90, 91, 92, 93] 
[163, 94, 95, 96, 97, 98, 99] 
[162, 100, 101, 102, 103, 104] 
[161, 105, 106, 107, 108] 
[160, 109, 110, 111, 112] 
[159, 113, 114, 115] 
[158, 116, 117, 118] 
[157, 119, 120, 121]
[156, 122, 123, 124] 
[155, 125, 126, 127] 
[154, 128, 129, 130] 
[153, 131, 132, 133] 
[152, 134, 135, 136] 
[151, 137, 138, 139] 
[150, 140, 141, 142] 
[149, 143, 144, 145] 
