obj    theta - obj
840952 428315
739420 529847
826192 443075
717699 551568
793328 475939
737446 531821
753219 516048
731602 537665
793515 475752
783519 485748
747107 522160
618585 650682
685090 584177
660515 608752
813934 455333
808891 460376
775084 494183
722825 546442
734647 534620
821741 447526
740436 528831
713235 556032
607190 662077
737983 531284
705754 563513
709293 559974
808670 460597
761088 508179
708854 560413
786659 482608
710513 558754
661182 608085
759069 510198
670224 599043
740739 528528
679203 590064
722273 546994
732902 536365
755294 513973
739371 529896
725191 544076
727320 541947
673169 596098
648902 620365
687485 581782
664202 605065
721764 547503
698704 570563
793897 475370
733584 535683
702319 566948
169590 1099677