sum     theta - sum
1261697 7570
1229466 39801
1190177 79090
1170226 99041
1134873 134394
1119014 150253
1105220 164047
1091163 178104
1075359 193908
1036200 233067
1012469 256798
977505 291762
965894 303373
956468 312799
1241045 28222
1213089 56178
1202931 66336
1195309 73958
1178485 90782
1166044 103223
1141508 127759
1120513 148754
1076078 193189
1052590 216677
1035649 233618
1024940 244327
1256485 12782
1234087 35180
1221568 47699
1204309 64958
1176419 92848
1149193 120074
1138339 130928
1124853 144414
1107611 161656
1092971 176296
1077281 191986
1259260 10007
1237639 31628
1220102 49165
1202889 66378
1183773 85494
1158025 111242
1147562 121705
1129592 139675
1104863 164404
1091913 177354
1259115 10152
1245290 23977
1221244 48023
1200762 68505
169590 1099677