obj    theta - obj
423089 0
422020 1069
416588 6501
413161 9928
411337 11752
404968 18121
397808 25281
397705 25384
394664 28425
392317 30772
390936 32153
386973 36116
385455 37634
374838 48251
374580 48509
373820 49269
372938 50151
372256 50833
371343 51746
368036 55053
365841 57248
365781 57308
365144 57945
360238 62851
359357 63732
359095 63994
356907 66182
355634 67455
340331 82758
340235 82854
339511 83578
337933 85156
335025 88064
329773 93316
324892 98197
322840 100249
322618 100471
322027 101062
321249 101840
320283 102806
319819 103270
316366 106723
313588 109501
311478 111611
308967 114122
307012 116077
306545 116544
303011 120078
301848 121241
301685 121404
301029 122060
300810 122279
300604 122485
300488 122601
300275 122814
299049 124040
298571 124518
297414 125675
296779 126310
294845 128244
293556 129533
293305 129784
292658 130431
292601 130488
291616 131473
289169 133920
288363 134726
287323 135766
283004 140085
282818 140271
282388 140701
281107 141982
281074 142015
275944 147145
274167 148922
270851 152238
265637 157452
265423 157666
264919 158170
264361 158728
262529 160560
260781 162308
260396 162693
259893 163196
257722 165367
257638 165451
256588 166501
256293 166796
256038 167051
256021 167068
252996 170093
252414 170675
251320 171769
250125 172964
249630 173459
248690 174399
247238 175851
246428 176661
245953 177136
245778 177311
245204 177885
244654 178435
243996 179093
243983 179106
243731 179358
242371 180718
242021 181068
241506 181583
239288 183801
239123 183966
237710 185379
236460 186629
235503 187586
235099 187990
231647 191442
231403 191686
229812 193277
229659 193430
229336 193753
228983 194106
228925 194164
228730 194359
227284 195805
226807 196282
226593 196496
226433 196656
226220 196869
225954 197135
223560 199529
222686 200403
221901 201188
221880 201209
221635 201454
221150 201939
221045 202044
220543 202546
219569 203520
218097 204992
217387 205702
217375 205714
217069 206020
216065 207024
215059 208030
214783 208306
214305 208784
213946 209143
346831 76258
353411 69678
357250 65839
368035 55054
364518 58571
367893 55196
357062 66027
359412 63677
344829 78260
346198 76891
361105 61984
368374 54715
344133 78956
339036 84053
351450 71639
326002 97087
327346 95743
329657 93432
309980 113109
327585 95504
340135 82954
336889 86200
297054 126035
338809 84280
330354 92735
324050 99039
301740 121349
337311 85778
330407 92682
325627 97462
329921 93168
310421 112668
309202 113887
315559 107530
316264 106825
333950 89139
318998 104091
312291 110798
313692 109397
315996 107093
302538 120551
321868 101221
291902 131187
289947 133142