obj     theta-obj
929794 70206
912262 87738
868210 131790
813980 186020
753802 246198
724309 275691
724027 275973
697279 302721
696441 303559
695583 304417
644431 355569
644024 355976
630822 369178
630732 369268
629328 370672
579399 420601
524919 475081
520264 479736
518987 481013
517034 482966
514814 485186
514551 485449
508288 491712
506324 493676
503966 496034
502605 497395
501674 498326
501003 498997
500844 499156
500732 499268
500530 499470
500302 499698
500282 499718
500249 499751
500213 499787
500118 499882
500057 499943
949787 50213
999608 392
911336 88664
998850 1150
948429 51571
969472 30528
988297 11703
920433 79567
789879 210121
741450 258550
709334 290666
830717 169283
779950 220050
906034 93966
725055 274945
633852 366148