[234, 1, 2]
[233, 3, 4] 
[232, 5, 6] 
[231, 7, 8] 
[230, 9, 10] 
[229, 11, 12] 
[228, 13, 14] 
[227, 15, 16] 
[226, 17, 18] 
[225, 19, 20] 
[224, 21, 22] 
[223, 23, 24] 
[222, 25, 26] 
[221, 27, 28] 
[220, 29, 30] 
[219, 31, 32] 
[218, 33, 34] 
[217, 35, 36] 
[216, 37, 38] 
[215, 39, 40] 
[214, 41, 42] 
[213, 43, 44] 
[212, 45, 46] 
[211, 47, 48] 
[210, 49, 50] 
[209, 51, 52] 
[208, 53, 54] 
[207, 55, 56] 
[206, 57, 58] 
[205, 59, 60] 
[204, 61, 62] 
[203, 63, 64] 
[202, 65, 66] 
[201, 67, 68] 
[200, 69, 70] 
[199, 71, 72]
[198, 73, 74] 
[197, 75, 76]
[196, 77, 78] 
[195, 79, 80] 
[194, 81, 82] 
[193, 83, 84] 
[192, 85, 86] 
[191, 87, 88] 
[190, 89, 90] 
[189, 91, 92] 
[188, 93, 94] 
[187, 95, 96] 
[186, 97, 98] 
[185, 99, 100]
[184, 101, 102] 
[183, 103, 104] 
[182, 105, 106] 
[181, 107, 108] 
[180, 109, 110] 
[179, 111, 112] 
[178, 113, 114]
[177, 115, 116] 
[176, 117, 118] 
[175, 119, 120] 
[174, 121, 122] 
[173, 123, 124] 
[172, 125, 126] 
[171, 127, 128] 
[170, 129, 130]
[169, 131, 132] 
[168, 133, 134] 
[167, 135, 136]
[166, 137, 138] 
[165, 139, 140] 
[164, 141, 142] 
[163, 143, 144] 
[162, 145, 146] 
[161, 147, 148] 
[160, 149, 150] 
[159, 151, 152] 
[158, 153, 154] 
[157, 155, 156]
