obj    theta - obj
567256 278785
590517 255524
612691 233350
546495 299546
585444 260597
594705 251336
588875 257166
608132 237909
620920 225121
569963 276078
574144 271897
558958 287083
537538 308503
615840 230201
560532 285509
595186 250855
574464 271577
533009 313032
537090 308951
565919 280122
592571 253470
507798 338243
554787 291254
549811 296230
536114 309927
547234 298807
595860 250181
515282 330759
565059 280982
594301 251740
532123 313918
584202 261839
589102 256939
575949 270092
535057 310984
513278 332763
583821 262220
548252 297789
569819 276222
551744 294297
559323 286718
561141 284900
514468 331573
572061 273980
577606 268435
555124 290917
583789 262252
590274 255767
536188 309853
584375 261666
577457 268584
579781 266260
545214 300827
532037 314004
568034 278007
601715 244326
531159 314882
571365 274676
539588 306453
553607 292434
552163 293878
568330 277711
624129 221912
582913 263128
631573 214468
588858 257183
587831 258210
595926 250115
556332 289709
581164 264877
583596 262445
604688 241353
623586 222455
582039 264002
548307 297734
598136 247905
572974 273067
607180 238861