sum     theta - sum
763254 82787
763810 82231
760214 85827
757932 88109
757184 88857
752578 93463
748756 97285
751413 94628
749614 96427
748451 97590
748273 97768
745166 100875
744895 101146
735490 110551
736605 109436
736964 109077
737498 108543
739015 107026
739267 106774
736664 109377
736968 109073
739426 106615
743777 102264
741840 104201
741450 104591
741900 104141
740563 105478
740446 105595
726855 119186
731445 114596
732495 113546
733835 112206
732537 113504
729970 116071
726833 119208
727307 118734
728678 117363
729156 116885
730488 115553
732019 114022
733534 112507
730806 115235
731058 114983
732041 114000
737218 108823
736854 109187
739679 106362
737773 108268
739514 106527
743273 102768
743814 102227
744591 101450
746850 99191
752662 93379
753301 92740
753140 92901
756226 89815
755733 90308
756250 89791
757895 88146
764158 81883
767475 78566
771069 74972
776128 69913
777718 68323
777148 68893
778221 67820
779054 66987
776670 69371
781138 64903
783833 62208
786517 59524
793133 52908
788825 57216
789527 56514
791140 54901
788947 57094
794703 51338