[234, 1, 2, 3, 4, 5, 6, 7]
[233, 8, 9, 10, 11, 12, 13, 14]
[232, 15, 16, 17, 18, 19, 20, 21]
[231, 22, 23, 24, 25, 26, 27, 28]
[230, 29, 30, 31, 32, 33, 34, 35]
[229, 36, 37, 38, 39, 40, 41]
[228, 42, 43, 44, 45, 46, 47]
[227, 48, 49, 50, 51, 52, 53]
[226, 54, 55, 56, 57, 58, 59]
[225, 60, 61, 62, 63, 64, 65]
[224, 66, 67, 68, 69, 70, 71]
[223, 72, 73, 74, 75, 76, 77]
[222, 78, 79, 80, 81, 82, 83]
[221, 84, 85, 86, 87, 88, 89]
[220, 90, 91, 92, 93, 94, 95]
[219, 96, 97, 98, 99, 100, 101]
[218, 102, 103, 104, 105, 106]
[217, 107, 108, 109, 110, 111]
[216, 112, 113, 114, 115, 116]
[215, 117, 118, 119, 120, 121]
[214, 122, 123, 124, 125, 126]
[213, 127, 128, 129, 130, 131]
[212, 132, 133, 134, 135, 136]
[211, 137, 138, 139, 140, 141]
[210, 142, 143, 144, 145, 146]
[209, 147, 148, 149, 150, 151]
[208, 152, 153, 154, 155, 156]
[207, 157, 158, 159, 160]
[206, 161, 162, 163, 164]
[205, 165, 166, 167, 168]
[204, 169, 170, 171, 172]
[203, 173, 174, 175, 176]
[202, 177, 178, 179, 180]
[201, 181, 182, 183, 184]
[200, 185, 186, 187, 188]
[199, 189, 190, 191, 192]
[198, 193, 194, 195, 196]