obj    theta - obj
849839 842517
877397 814959
951261 741095
805173 887183
897528 794828
794780 897576
870118 822238
835326 857030
800705 891651
859810 832546
842147 850209
842147 850209
866568 825788
925218 767138
879629 812727
909502 782854
815075 877281
802102 890254
836521 855835
802164 890192
908771 783585
851231 841125
840317 852039
858553 833803
940501 751855
873347 819009
994207 698149
695606 996750
862940 829416
894170 798186
950199 742157
826626 865730
896941 795415
851768 840588
912774 779582
898008 794348
907469 784887