sum     theta - sum
1620916 71440
1638950 53406
1659856 32500
1670307 22049
1684080 8276
1509831 182525
1527400 164956
1545267 147089
1552689 139667
1576090 116266
1593825 98531
1607075 85281
1623094 69262
1634098 58258
1669236 23120
1691611 745
1484600 207756
1504263 188093
1514601 177755
1525656 166700
1553925 138431
1579393 112963
1590729 101627
1602349 90007
1628146 64210
1647229 45127
1669893 22463
1431712 260644
1460844 231512
1481743 210613
1505555 186801
1516418 175938
1530334 162022
1532704 159652
1537981 154375
1563885 128471
1600335 92021