1	71 81 82 83 87 89 96 97 99 101 103 105 106 107 110 112 113 114 115 116 117 118 119
2	52 76 78 83 84 96 97 98 99 101 103 105 107 108 110 112 113 114 115 116 117 118 119
3	38 47 66 69 84 85 93 97 98 99 100 104 105 106 108 109 112 113 115 116 117 118 119
4	57 71 78 81 82 87 96 98 99 101 102 103 105 107 110 112 113 114 115 116 117 118 119
5	36 39 46 68 72 75 84 85 97 98 99 100 105 107 108 109 113 114 115 116 117 118 119
6	57 71 78 80 82 89 96 97 99 101 103 105 107 108 110 112 113 114 115 116 117 118 119
7	56 67 76 78 84 96 98 99 101 102 103 105 107 109 110 112 113 114 115 116 117 118 119
8	75 76 78 81 84 89 96 97 99 101 103 105 107 109 110 112 113 114 115 116 117 118 119
9	59 64 76 79 81 91 92 93 94 95 96 104 106 109 110 111 112 113 115 116 117 118 119
10	38 66 69 75 84 85 93 97 98 99 100 104 105 106 108 109 112 113 115 116 117 118 119
11	50 62 73 77 80 81 85 86 88 89 90 100 102 103 104 106 111 114 115 116 117 118 119
