obj    theta - obj
423089 0
422020 1069
416588 6501
413161 9928
411337 11752
404968 18121
397808 25281
397705 25384
394664 28425
392317 30772
390936 32153
386973 36116
385455 37634
374838 48251
374580 48509
373820 49269
372938 50151
372256 50833
371343 51746
368036 55053
365841 57248
365781 57308
365144 57945
360238 62851
359357 63732
359095 63994
356907 66182
355634 67455
340331 82758
340235 82854
339511 83578
337933 85156
335025 88064
329773 93316
324892 98197
322840 100249
322618 100471
322027 101062
321249 101840
320283 102806
319819 103270
316366 106723
313588 109501
311478 111611
308967 114122
307012 116077
306545 116544
303011 120078
301848 121241
301685 121404
301029 122060
300810 122279
300604 122485
300488 122601
300275 122814
299049 124040
298571 124518
297414 125675
296779 126310
294845 128244
293556 129533
293305 129784
292658 130431
292601 130488
291616 131473
289169 133920
288363 134726
287323 135766
283004 140085
282818 140271
282388 140701
281107 141982
281074 142015
275944 147145
274167 148922
270851 152238
265637 157452
265423 157666
264919 158170
264361 158728
262529 160560
260781 162308
260396 162693
259893 163196
257722 165367
257638 165451
256588 166501
256293 166796
256038 167051
256021 167068
371428 51661
378327 44762
373390 49699
362351 60738
357926 65163
389562 33527
360877 62212
349654 73435
379049 44040
375923 47166
366166 56923
376495 46594
360089 63000
368840 54249
362476 60613
374684 48405
388182 34907
382055 41034
353340 69749
378319 44770
352645 70444
367600 55489
356903 66186
378333 44756
361600 61489
357017 66072
361693 61396
363856 59233
331661 91428
353380 69709
349026 74063
361338 61751
369436 53653
347413 75676
361390 61699
353704 69385
349676 73413
341827 81262
352685 70404
362893 60196
356730 66359
367700 55389
325821 97268
360963 62126
387398 35691
366131 56958
356474 66615
340680 82409
357776 65313
350816 72273
324470 98619
359450 63639
350304 72785
355318 67771
381647 41442
354842 68247
353343 69746
342926 80163
350110 72979
334603 88486
362051 61038
339617 83472
344118 78971
355291 67798
373031 50058
355609 67480
363929 59160
360190 62899
350149 72940
344742 78347
366329 56760
337558 85531
337558 85531
366329 56760