sum     theta - sum
423089 0
422020 1069
416588 6501
413161 9928
411337 11752
404968 18121
397808 25281
397705 25384
394664 28425
392317 30772
390936 32153
386973 36116
385455 37634
374838 48251
374580 48509
373820 49269
372938 50151
372256 50833
371343 51746
368036 55053
365841 57248
365781 57308
365144 57945
360238 62851
359357 63732
359095 63994
356907 66182
355634 67455
340331 82758
340235 82854
339511 83578
337933 85156
335025 88064
329773 93316
324892 98197
322840 100249
322618 100471
322027 101062
321249 101840
320283 102806
319819 103270
316366 106723
313588 109501
311478 111611
308967 114122
307012 116077
306545 116544
303011 120078
301848 121241
301685 121404
301029 122060
300810 122279
300604 122485
300488 122601
300275 122814
299049 124040
298571 124518
297414 125675
296779 126310
294845 128244
293556 129533
293305 129784
292658 130431
292601 130488
291616 131473
289169 133920
288363 134726
287323 135766
283004 140085
282818 140271
282388 140701
281107 141982
281074 142015
275944 147145
274167 148922
270851 152238
265637 157452
265423 157666
264919 158170
264361 158728
262529 160560
260781 162308
260396 162693
259893 163196
257722 165367
257638 165451
256588 166501
256293 166796
256038 167051
256021 167068
422586 503
422989 100
421989 1100
421246 1843
421241 1848
420705 2384
419484 3605
418953 4136
418695 4394
418883 4206
418717 4372
418751 4338
418695 4394
420232 2857
420570 2519
419240 3849
419155 3934
419322 3767
417182 5907
417363 5726
416186 6903
415321 7768
414393 8696
414402 8687
411117 11972
411373 11716
409850 13239
410273 12816
410166 12923
410178 12911
410472 12617
410327 12762
409455 13634
409196 13893
409607 13482
410178 12911
410031 13058
410067 13022
407707 15382
407167 15922
406467 16622
408441 14648
408417 14672
408013 15076
410214 12875
410007 13082
410322 12767
408946 14143
408282 14807
408573 14516
408466 14623
407473 15616
406874 16215
406624 16465
406168 16921
406895 16194
404800 18289
402287 20802
403674 19415
405006 18083
403760 19329
403664 19425
404338 18751
405279 17810
404937 18152
404311 18778
404640 18449
404796 18293
404805 18284
404265 18824
404909 18180
405618 17471
405618 17471
404909 18180