"Group 10" 28 30
1 0.47794091632761365
2 0.5106492745126777
3 0.5734023167652005
4 0.5344405420725685
5 0.5397439558070287
6 0.315001598697788
7 0.5580971401367811
8 0.49834516736704826
9 0.5173148394715819
10 0.4492706738684613
11 0.5564770363027555
12 0.36452092798842023
13 0.4512389882025656
14 0.46407639192279104
15 0.48717194736455194
16 0.47916254402976216
17 0.29552767960978693
18 0.3081556215413686
19 0.5878500680180332
20 0.47280071813285457
21 0.5445157892377687
22 0.5810992893923214
23 0.5290122421599865
24 0.5110511257480355
25 0.5609684069760963
26 0.47526810023892874
27 0.46670147413323854

"Group 11" 31 33
1 0.42511350905124123
2 0.44164150666862084
3 0.45173991761831384
4 0.4627778005037371
5 0.4037212066825553
6 0.3806528500421475
7 0.46539252000046444
8 0.41465294884799303
9 0.45639740190573225
10 0.4236503856041131
11 0.4598848501265035
12 0.43533202754786127
13 0.4351370070807503
14 0.4225499151768237
15 0.47772267429695936
16 0.39879232652415064
17 0.35241116894554403
18 0.47116682413281147
19 0.4627193722104174
20 0.45771992818671453
21 0.4925368116721576
22 0.44527873600169965
23 0.4769634971211359
24 0.49288076607753356
25 0.4405137348860534
26 0.43253319997777406
27 0.39260600539886026
28 0.4889045146001971
29 0.48074987557374327
30 0.41066254587598994

"Group 12" 34 36
1 0.5325844684238458
2 0.5920035175142899
3 0.5537268045163445
4 0.532582207911361
5 0.5280489012942061
6 0.2921373136063715
7 0.5612089685682106
8 0.5481118678452398
9 0.396603026478795
10 0.5018919153115161
11 0.5725277068576994
12 0.35050000861588654
13 0.5185089782998186
14 0.45042525063971994
15 0.4923178710578549
16 0.4229627577472593
17 0.37230006661623405
18 0.24496670715796104
19 0.5925494957671422
20 0.43356710053859965
21 0.5633138349133777
22 0.43097153655632026
23 0.5764603946559338
24 0.46304858256693976
25 0.5899927564495459
26 0.5894037895204757
27 0.5447683266865884
28 0.4224201889111586
29 0.5654703312503456
30 0.46231960043047543
31 0.46272865979608585
32 0.39653738773217617
33 0.2926096908948186

"Group 13" 37 39
1 0.5466949702223008
2 0.5844584493624505
3 0.57438081901224
4 0.556319797102635
5 0.5783253987215272
6 0.3086300613318606
7 0.5711134075682455
8 0.5649268221996812
9 0.43558022947517105
10 0.5187949510412755
11 0.5937422556234979
12 0.38150571233278
13 0.5392475057098209
14 0.4646210758642602
15 0.4919107210513518
16 0.45308109391696677
17 0.37508891573610936
18 0.27060556980249245
19 0.6076933454753954
20 0.4379095601436266
21 0.5797586230081355
22 0.48515327544853265
23 0.560724467549891
24 0.4743813544670195
25 0.5859976597760072
26 0.567983552814358
27 0.5894866639265044
28 0.4665086870342277
29 0.5726317535807112
30 0.475736085432821
31 0.4981630101296083
32 0.4072038634999477
33 0.31971609092555897
34 0.5846350382972657
35 0.60959817281738
36 0.6237992870554301

"Group 14" 40 42
1 0.5216875995046878
2 0.47363916165909425
3 0.49035267095957674
4 0.46586918028763274
5 0.4923285803357594
6 0.36103828154521406
7 0.45082614400334403
8 0.5098449500072453
9 0.5304268793923886
10 0.42325756044019525
11 0.47127304582365587
12 0.43483805005255693
13 0.4795734377414868
14 0.39952567106763726
15 0.40596814051199115
16 0.4656949493693072
17 0.38034482369279754
18 0.3638142799298151
19 0.4595264595770515
20 0.4507125224416517
21 0.4646282973621103
22 0.4555995996891441
23 0.4798926714740902
24 0.4365348042140957
25 0.5119685741349529
26 0.43181085736511643
27 0.4871638209711283
28 0.42837210847442614
29 0.4813028811590997
30 0.4196197466817517
31 0.401201892622847
32 0.40859155162254884
33 0.35218558387449156
34 0.48568170229564284
35 0.4615220693498858
36 0.4612642520884922
37 0.46502657621143456
38 0.4500714235279421
39 0.4773957762005354

"Group 15" 43 45
1 0.5042455333451265
2 0.6138062435878646
3 0.5310864890519075
4 0.5006340542656951
5 0.4935639323819569
6 0.2517745545446618
7 0.514589598597355
8 0.5741718591508477
9 0.38779219877042065
10 0.5352242858380751
11 0.5431639127903961
12 0.35309626242841635
13 0.48894384054860074
14 0.4352251643980959
15 0.4540005315569529
16 0.44082343429317744
17 0.39656418304786206
18 0.24443244702388986
19 0.5747467593061036
20 0.41410457809694795
21 0.5146182119724781
22 0.38354923655799755
23 0.5374587735479904
24 0.4003056279036045
25 0.5962612135732992
26 0.6352669889426016
27 0.5798220375698464
28 0.382024649251996
29 0.5276502792678206
30 0.4390076988879384
31 0.4052724638798768
32 0.3865262091334108
33 0.2937624539580943
34 0.6290017490089863
35 0.5705191952528222
36 0.5686195542735857
37 0.4901828508631148
38 0.5807194494685329
39 0.5696698832997551
40 0.4114461651877429
41 0.4664293531853104
42 0.3253413092768585

"Group 16" 46 48
1 0.5711539595495018
2 0.5284478968195808
3 0.5030614815813065
4 0.5286551621367337
5 0.565045364224904
6 0.3502892189634625
7 0.5687447023443215
8 0.4879524706564266
9 0.48296303157309745
10 0.5029144161058318
11 0.5368531464501219
12 0.39962204977684856
13 0.5417432269217339
14 0.5586641626335469
15 0.5441107448017688
16 0.46888375012014544
17 0.3142705522372893
18 0.34743217708192736
19 0.5417552025363419
20 0.48348855475763014
21 0.5258017884757614
22 0.6192630031141501
23 0.5308849013360165
24 0.4920107304395353
25 0.5276480748871678
26 0.503589487136745
27 0.5270942800964241
28 0.5424274973147154
29 0.5428413426975612
30 0.5122437153343083
31 0.5293505263099914
32 0.39039741845955606
33 0.4322257659012686
34 0.4966966209585008
35 0.561667413421924
36 0.536036354730741
37 0.547611405193378
38 0.49475050648243196
39 0.5449233492807377
40 0.3352974019004667
41 0.5246795184378488
42 0.4160247854589116
43 0.5249381632063047
44 0.5091537650578231
45 0.5229768090966279

"Group 17" 49 51
1 0.5458989327200896
2 0.575676388685329
3 0.612554125236569
4 0.5430017356139808
5 0.5709599035026892
6 0.33352905269889255
7 0.5535861500412201
8 0.5741892479350819
9 0.48566069629852615
10 0.4904191097888565
11 0.5865208946880061
12 0.3910348828526626
13 0.5087951276195055
14 0.46037708015364626
15 0.4830438986875067
16 0.4576777162758878
17 0.3633125204647329
18 0.31320016196517747
19 0.5988847291083454
20 0.43848743267504486
21 0.5803077164436675
22 0.5180279658505768
23 0.5636536419028453
24 0.4805162211452123
25 0.6072546943778905
26 0.5724287381230205
27 0.5505893200324375
28 0.5029953381243979
29 0.6017309074821656
30 0.44872099119732883
31 0.49263276176417126
32 0.4142909849832321
33 0.323432379467643
34 0.5950523331999189
35 0.6085982493142601
36 0.5916569158344445
37 0.5518331329463416
38 0.5508410595666792
39 0.6128853578934221
40 0.42332272700169665
41 0.5201716459152823
42 0.3816124484752976
43 0.6201454101572956
44 0.5896940539325602
45 0.5975186209156892
46 0.49253684077186166
47 0.404360612939246
48 0.5335998616707449

"Group 18" 52 54
1 0.5229494663600448
2 0.6326659827055547
3 0.5240436165911794
4 0.5229223765639518
5 0.49147781902092524
6 0.3107170886259919
7 0.5362504789661299
8 0.5865584697869874
9 0.4163781824918086
10 0.5865168539325842
11 0.5359194988271773
12 0.3514362682872192
13 0.5365113709866685
14 0.48754886552547816
15 0.5063136525313986
16 0.48161068361329573
17 0.3798706064335475
18 0.271927160660458
19 0.5376235286181659
20 0.44299820466786355
21 0.5271296981106703
22 0.4062931550198199
23 0.5186539214042148
24 0.43624479233476293
25 0.5632584833119741
26 0.6832972162027005
27 0.6128650618202823
28 0.40543368731106116
29 0.5005308853619421
30 0.5006650293882281
31 0.42267291665519124
32 0.4397264271986872
33 0.3081610135532
34 0.6060672518627768
35 0.5760051143628356
36 0.5810607091349425
37 0.5017273177339767
38 0.6320140348590267
39 0.542832628280667
40 0.3964473306194134
41 0.4991439376699934
42 0.36806728094296237
43 0.6390712167125312
44 0.649754097922007
45 0.6219676585487052
46 0.40452539796478487
47 0.4555577107568426
48 0.5240373279398897
49 0.47040519657403285
50 0.5658218182198559
51 0.5907250374875259

"Group 19" 55 57
1 0.5230791909900347
2 0.6203077825003664
3 0.5451546560886863
4 0.5327984291816902
5 0.5084406011269674
6 0.3347382495712583
7 0.5700335566573389
8 0.5699753658890016
9 0.4633789119033009
10 0.5709944831171833
11 0.5717900099704345
12 0.37936322854500654
13 0.5086978173887658
14 0.48386657512950426
15 0.5457223802441769
16 0.4741023017035207
17 0.3975860083326747
18 0.3146511000134971
19 0.6035223222818082
20 0.5107832136445243
21 0.5704296375983325
22 0.45511877938734546
23 0.5508412991223657
24 0.4780901602315633
25 0.5741739566501365
26 0.6249541590265044
27 0.5581210633310746
28 0.4680146611004684
29 0.5598683846706852
30 0.521990121140208
31 0.517050681090847
32 0.44228704218682025
33 0.343133649153817
34 0.6150809533469672
35 0.5747483799053624
36 0.5649949658494109
37 0.5604397995767392
38 0.5694763541955212
39 0.5459497032262268
40 0.4384245532060212
41 0.519418527789517
42 0.3910892415885421
43 0.6249478001092182
44 0.623697575228911
45 0.6175694749139659
46 0.4423901110501203
47 0.45732439332539987
48 0.5516036238073031
49 0.5060844967128526
50 0.5785625372650341
51 0.5737602992732384
52 0.6366139346317813
53 0.5698094518155514
54 0.5757841128851496

"Group 20" 58 60
1 0.5293295595259154
2 0.5788362890224241
3 0.540478938764509
4 0.5323484551866807
5 0.5086503778895293
6 0.34731854780106386
7 0.6106905240179743
8 0.5591015794812346
9 0.49406050641997895
10 0.5189047110135467
11 0.5824001659817997
12 0.3808623928040116
13 0.5285720009845506
14 0.4818977696327355
15 0.5429458433942739
16 0.4570897104636765
17 0.3472907516343559
18 0.2969699014711837
19 0.5616603145693503
20 0.49495623877917416
21 0.5549877854725566
22 0.4917841228663599
23 0.5630610989993851
24 0.5334991606386954
25 0.5569343065693431
26 0.5618769794965828
27 0.527810795498728
28 0.5185256956825053
29 0.57084554554001
30 0.5026132067661911
31 0.554886613383862
32 0.40270489049929237
33 0.3588825883373314
34 0.5512010044465401
35 0.6076693586283016
36 0.57335437698985
37 0.5882999385238098
38 0.5578856463150348
39 0.5307118769244137
40 0.41280131829294076
41 0.5483891941094242
42 0.37959166170850284
43 0.5653382017539164
44 0.5737732991549959
45 0.5731594500155945
46 0.4855223155850188
47 0.47516421760077165
48 0.5477209731253504
49 0.5366091306739307
50 0.5575947447149029
51 0.5486031651488791
52 0.5899962384017386
53 0.5270807809608217
54 0.5667818662329742
55 0.49875692551455986
56 0.5875075797231393
57 0.5799251114782455