For 1 and 54
[]

For 55 and 67
[1, 2, 3, 4, 5, 6, 8, 9, 11, 12, 13, 14, 15, 16, 17, 18, 20, 21, 22, 23, 24, 25, 26, 27, 28, 29, 33, 34, 35, 37, 40, 41, 44]

For 68 and 75
[1, 2, 3, 4, 7, 8, 10, 19, 38, 43, 48, 49, 50, 53]

For 76 and 80
[5, 6, 20, 48, 49, 50, 58, 59, 73]

For 81 and 85
[10, 32, 36, 38, 43, 44, 47, 56, 57, 69]

For 86 and 89
[10, 17, 18, 21, 22, 27, 28, 33, 34, 48, 49, 50, 73]

For 90 and 91
[1, 2, 3, 4, 7, 8, 11, 12, 13, 14, 15, 16, 25, 26, 29, 35, 48, 49, 50, 53, 58, 59, 73, 79, 88]