sum     theta - sum
993574 6426
990443 9557
973395 26605
913004 86996
944143 55857
854516 145484
882220 117780
871815 128185
890084 109916
927666 72334
877439 122561
882967 117033
870188 129812
871145 128855
879779 120221
836995 163005
782918 217082
783342 216658
807052 192948
828603 171397
844556 155444
866864 133136
863973 136027
883363 116637
882461 117539
895294 104706
896424 103576
896132 103868
975576 24424
993319 6681
994588 5412
994541 5459
997260 2740
999057 943
999326 674
999393 607
999389 611
999502 498
999594 406
999521 479