obj     theta-obj
957368 42632
952615 47385
918600 81400
885557 114443
921197 78803
834662 165338
855544 144456
845381 154619
857493 142507
902219 97781
846229 153771
882966 117034
832534 167466
837996 162004
866861 133139
807545 192455
770596 229404
756020 243980
777050 222950
793653 206347
810519 189481
832598 167402
827806 172194
845342 154658
844430 155570
856091 143909
856926 143074
856606 143394
927825 72175
951502 48498
902507 97493
940527 59473
946123 53877
999057 943
949001 50999
948155 51845
999389 611
970873 29127
883720 116280
985826 14174